{"producer":{"name":"Blender","version":"3.4.1","exporter_version":"3.3.0","file":"zombie.babylon"},
"autoClear":true,"clearColor":[0.0509,0.0509,0.0509],"gravity":[0,-9.81,0],
"materials":[{"name":"Texture","id":"Texture","customType":"BABYLON.PBRMaterial","emissive":[0,0,0],"reflectivity":[0.5,0.5,0.5],"roughness":0,"metallic":0, 
"albedoTexture":{"name":".","hasAlpha":true,"level":1,"coordinatesMode":0,"coordinatesIndex":0,"wrapU":1,"wrapV":1},"useAlphaFromAlbedoTexture":true}],
"skeletons":[{"name":"Zombie.001","id":0,"dimensionsAtRest":[7.1323,8.6999,1.9891],"bones":[
{"name":"Hips","index":0,"matrix":[0.489,-0.0268,-0.1007,0,0.1038,0.0823,0.4821,0,0.0093,0.4924,-0.0861,0,-0.0024,1.9126,-0.0061,1],"rest":[0.4886,-0.0283,-0.1023,0,0.1056,0.0795,0.4822,0,0.0111,0.4928,-0.0836,0,0.0004,1.9107,-0.004,1],"parentBoneIndex":-1,"length":0.3891
,"animation":
{"name":"anim","property":"_matrix","dataType":3,"framePerSecond":24,"loopBehavior":1,"keys":[
{"frame":0,"values":[0.4886,-0.0283,-0.1023,0,0.1056,0.0795,0.4822,0,0.0111,0.4928,-0.0836,0,0.0004,1.9107,-0.004,1]},
{"frame":1,"values":[0.489,-0.0268,-0.1007,0,0.1038,0.0823,0.4821,0,0.0093,0.4924,-0.0861,0,-0.0024,1.9126,-0.0061,1]},
{"frame":2,"values":[0.4893,-0.0259,-0.0993,0,0.1023,0.0851,0.482,0,0.008,0.492,-0.0886,0,-0.0049,1.9143,-0.008,1]},
{"frame":3,"values":[0.4894,-0.0255,-0.0993,0,0.1023,0.0875,0.4815,0,0.0072,0.4916,-0.0909,0,-0.0064,1.9155,-0.01,1]},
{"frame":4,"values":[0.4889,-0.0257,-0.1016,0,0.1046,0.089,0.4808,0,0.0066,0.4913,-0.0924,0,-0.0056,1.9162,-0.0123,1]},
{"frame":5,"values":[0.4877,-0.0257,-0.1071,0,0.11,0.0891,0.4796,0,0.0055,0.4913,-0.0925,0,-0.0015,1.9165,-0.0155,1]},
{"frame":6,"values":[0.4862,-0.0251,-0.1137,0,0.1164,0.0881,0.4782,0,0.004,0.4915,-0.0916,0,0.0049,1.9165,-0.0195,1]},
{"frame":7,"values":[0.4849,-0.0242,-0.1196,0,0.122,0.0867,0.4771,0,0.0024,0.4918,-0.09,0,0.0126,1.9162,-0.024,1]},
{"frame":8,"values":[0.4841,-0.0233,-0.1229,0,0.1251,0.0853,0.4765,0,0.0012,0.4921,-0.0885,0,0.0207,1.9156,-0.0288,1]},
{"frame":9,"values":[0.4841,-0.023,-0.1231,0,0.1253,0.0844,0.4766,0,0.0011,0.4923,-0.0874,0,0.0286,1.9145,-0.0337,1]},
{"frame":10,"values":[0.4844,-0.0232,-0.1217,0,0.1239,0.0837,0.4771,0,0.0017,0.4924,-0.0869,0,0.0364,1.9131,-0.0388,1]},
{"frame":11,"values":[0.4848,-0.0238,-0.12,0,0.1223,0.0834,0.4776,0,0.0027,0.4924,-0.0867,0,0.0442,1.9116,-0.0441,1]},
{"frame":12,"values":[0.485,-0.0244,-0.1193,0,0.1217,0.0832,0.4778,0,0.0035,0.4924,-0.0866,0,0.0522,1.9103,-0.0496,1]},
{"frame":13,"values":[0.4848,-0.0249,-0.1199,0,0.1224,0.0829,0.4776,0,0.0039,0.4924,-0.0865,0,0.0605,1.9093,-0.0553,1]},
{"frame":14,"values":[0.4844,-0.0251,-0.1215,0,0.124,0.0827,0.4773,0,0.0039,0.4925,-0.0863,0,0.0689,1.9086,-0.061,1]},
{"frame":15,"values":[0.4839,-0.0252,-0.1232,0,0.1257,0.0824,0.4769,0,0.0038,0.4925,-0.0861,0,0.0769,1.9081,-0.0664,1]},
{"frame":16,"values":[0.4836,-0.0254,-0.1243,0,0.1268,0.0823,0.4766,0,0.0038,0.4925,-0.086,0,0.084,1.9078,-0.0713,1]},
{"frame":17,"values":[0.4838,-0.0261,-0.1236,0,0.1263,0.0824,0.4767,0,0.0045,0.4925,-0.0864,0,0.0894,1.9076,-0.0755,1]},
{"frame":18,"values":[0.4843,-0.0274,-0.1211,0,0.124,0.083,0.4772,0,0.006,0.4923,-0.0871,0,0.0929,1.9074,-0.0789,1]},
{"frame":19,"values":[0.4852,-0.0291,-0.1171,0,0.1204,0.0838,0.478,0,0.0082,0.4921,-0.0884,0,0.0947,1.9072,-0.0815,1]},
{"frame":20,"values":[0.4861,-0.031,-0.1127,0,0.1164,0.0849,0.4788,0,0.0106,0.4918,-0.0897,0,0.0952,1.907,-0.0833,1]},
{"frame":21,"values":[0.4867,-0.0324,-0.1098,0,0.1138,0.0856,0.4793,0,0.0123,0.4915,-0.0907,0,0.0948,1.9067,-0.0843,1]},
{"frame":22,"values":[0.4868,-0.0331,-0.1092,0,0.1133,0.0859,0.4794,0,0.013,0.4915,-0.0911,0,0.0941,1.9062,-0.0844,1]},
{"frame":23,"values":[0.4864,-0.0329,-0.111,0,0.1151,0.0856,0.479,0,0.0125,0.4915,-0.0908,0,0.093,1.9057,-0.0837,1]},
{"frame":24,"values":[0.4857,-0.0321,-0.1144,0,0.1183,0.085,0.4783,0,0.0113,0.4917,-0.0901,0,0.0912,1.9055,-0.082,1]},
{"frame":25,"values":[0.485,-0.031,-0.1176,0,0.1212,0.0846,0.4777,0,0.0098,0.4918,-0.0896,0,0.0877,1.9058,-0.0791,1]},
{"frame":26,"values":[0.4847,-0.0301,-0.119,0,0.1224,0.0849,0.4773,0,0.0086,0.4918,-0.0897,0,0.0821,1.9068,-0.075,1]},
{"frame":27,"values":[0.485,-0.0295,-0.118,0,0.1214,0.086,0.4774,0,0.0078,0.4917,-0.0906,0,0.0742,1.9084,-0.0697,1]},
{"frame":28,"values":[0.4857,-0.0289,-0.1151,0,0.1184,0.0876,0.4778,0,0.0074,0.4914,-0.092,0,0.0641,1.9105,-0.0635,1]},
{"frame":29,"values":[0.4867,-0.0282,-0.1112,0,0.1145,0.0892,0.4785,0,0.0072,0.4912,-0.0933,0,0.0519,1.9125,-0.0568,1]},
{"frame":30,"values":[0.4875,-0.0274,-0.1077,0,0.1109,0.0902,0.4791,0,0.0069,0.491,-0.0941,0,0.0384,1.9142,-0.05,1]},
{"frame":31,"values":[0.4881,-0.0265,-0.1051,0,0.1082,0.0903,0.4797,0,0.0065,0.4911,-0.0939,0,0.024,1.9155,-0.0438,1]},
{"frame":32,"values":[0.4886,-0.0254,-0.1032,0,0.1062,0.0893,0.4804,0,0.006,0.4913,-0.0926,0,0.0088,1.9162,-0.0381,1]},
{"frame":33,"values":[0.489,-0.0242,-0.1016,0,0.1043,0.0875,0.4811,0,0.0055,0.4917,-0.0906,0,-0.0067,1.9165,-0.0329,1]},
{"frame":34,"values":[0.4895,-0.023,-0.0994,0,0.1019,0.0856,0.482,0,0.0051,0.4921,-0.0885,0,-0.0221,1.9166,-0.0278,1]},
{"frame":35,"values":[0.4901,-0.0217,-0.0966,0,0.0989,0.0839,0.4829,0,0.0047,0.4924,-0.0866,0,-0.037,1.9166,-0.0225,1]},
{"frame":36,"values":[0.4908,-0.0204,-0.0933,0,0.0954,0.0828,0.4838,0,0.0043,0.4927,-0.0852,0,-0.0512,1.9167,-0.0171,1]},
{"frame":37,"values":[0.4915,-0.0191,-0.0898,0,0.0918,0.0822,0.4846,0,0.0038,0.4928,-0.0843,0,-0.0638,1.9167,-0.0119,1]},
{"frame":38,"values":[0.4921,-0.018,-0.0867,0,0.0885,0.0819,0.4852,0,0.0033,0.4929,-0.0838,0,-0.075,1.9166,-0.0071,1]},
{"frame":39,"values":[0.4925,-0.017,-0.0845,0,0.0861,0.0816,0.4857,0,0.0027,0.493,-0.0833,0,-0.0842,1.9163,-0.0029,1]},
{"frame":40,"values":[0.4927,-0.0161,-0.0835,0,0.085,0.0814,0.4859,0,0.002,0.4931,-0.083,0,-0.0913,1.9157,0.0007,1]},
{"frame":41,"values":[0.4924,-0.0151,-0.0852,0,0.0866,0.0813,0.4857,0,0.0008,0.4931,-0.0826,0,-0.0956,1.9148,0.0033,1]},
{"frame":42,"values":[0.4917,-0.014,-0.0897,0,0.0908,0.0811,0.485,0,-0.0009,0.4932,-0.0823,0,-0.0973,1.9136,0.0049,1]},
{"frame":43,"values":[0.4904,-0.0129,-0.0969,0,0.0977,0.0808,0.4837,0,-0.0032,0.4933,-0.0817,0,-0.0968,1.9123,0.0052,1]},
{"frame":44,"values":[0.4886,-0.0117,-0.1057,0,0.1062,0.0803,0.482,0,-0.0057,0.4934,-0.081,0,-0.0943,1.9112,0.0043,1]},
{"frame":45,"values":[0.4867,-0.0111,-0.1138,0,0.1141,0.0797,0.4802,0,-0.0075,0.4935,-0.0802,0,-0.0902,1.9103,0.0021,1]},
{"frame":46,"values":[0.4855,-0.011,-0.1191,0,0.1193,0.0792,0.479,0,-0.0083,0.4936,-0.0796,0,-0.0853,1.9097,-0.0009,1]},
{"frame":47,"values":[0.4852,-0.0116,-0.1201,0,0.1204,0.079,0.4788,0,-0.0079,0.4936,-0.0795,0,-0.0798,1.9092,-0.0044,1]},
{"frame":48,"values":[0.486,-0.0127,-0.1168,0,0.1174,0.0793,0.4795,0,-0.0063,0.4935,-0.0801,0,-0.0737,1.9088,-0.0081,1]},
{"frame":49,"values":[0.4875,-0.0141,-0.1101,0,0.111,0.0802,0.4809,0,-0.0041,0.4933,-0.0813,0,-0.0668,1.9088,-0.0121,1]},
{"frame":50,"values":[0.489,-0.0154,-0.103,0,0.1041,0.0815,0.4822,0,-0.0019,0.4931,-0.0829,0,-0.0589,1.9091,-0.0166,1]},
{"frame":51,"values":[0.4902,-0.0167,-0.0971,0,0.0985,0.0829,0.4831,0,0,0.4928,-0.0845,0,-0.0499,1.9098,-0.0215,1]},
{"frame":52,"values":[0.4908,-0.0179,-0.0938,0,0.0955,0.084,0.4836,0,0.0016,0.4926,-0.0859,0,-0.0398,1.9108,-0.0271,1]},
{"frame":53,"values":[0.4908,-0.0194,-0.0933,0,0.0953,0.0848,0.4835,0,0.0029,0.4924,-0.0869,0,-0.0285,1.9117,-0.0334,1]},
{"frame":54,"values":[0.4905,-0.0211,-0.0947,0,0.097,0.0849,0.4831,0,0.0043,0.4923,-0.0874,0,-0.0166,1.9124,-0.0403,1]},
{"frame":55,"values":[0.49,-0.0229,-0.097,0,0.0995,0.0846,0.4826,0,0.0057,0.4922,-0.0875,0,-0.0043,1.9129,-0.0478,1]},
{"frame":56,"values":[0.4894,-0.0248,-0.0994,0,0.1022,0.0841,0.4822,0,0.0072,0.4923,-0.0874,0,0.0083,1.913,-0.0556,1]},
{"frame":57,"values":[0.4889,-0.0267,-0.1013,0,0.1044,0.0836,0.4818,0,0.0088,0.4922,-0.0873,0,0.0211,1.913,-0.0637,1]},
{"frame":58,"values":[0.4885,-0.0283,-0.1026,0,0.1059,0.0833,0.4815,0,0.0102,0.4922,-0.0874,0,0.034,1.9126,-0.0716,1]},
{"frame":59,"values":[0.4883,-0.0299,-0.1034,0,0.107,0.0834,0.4812,0,0.0115,0.4921,-0.0879,0,0.0469,1.9122,-0.0794,1]},
{"frame":60,"values":[0.4881,-0.0312,-0.104,0,0.1078,0.0839,0.481,0,0.0126,0.4919,-0.0886,0,0.0597,1.9116,-0.0867,1]},
{"frame":61,"values":[0.4879,-0.0323,-0.1046,0,0.1087,0.0844,0.4807,0,0.0134,0.4918,-0.0894,0,0.0719,1.911,-0.0933,1]},
{"frame":62,"values":[0.4876,-0.0334,-0.1054,0,0.1096,0.085,0.4804,0,0.0142,0.4916,-0.0902,0,0.0834,1.9106,-0.0992,1]},
{"frame":63,"values":[0.4874,-0.0343,-0.1063,0,0.1107,0.0854,0.4801,0,0.0148,0.4914,-0.0909,0,0.0939,1.9104,-0.1042,1]},
{"frame":64,"values":[0.4871,-0.0353,-0.107,0,0.1116,0.086,0.4797,0,0.0154,0.4913,-0.0916,0,0.103,1.9107,-0.1083,1]},
{"frame":65,"values":[0.487,-0.0362,-0.1074,0,0.1122,0.0867,0.4795,0,0.016,0.4911,-0.0926,0,0.1102,1.9115,-0.1113,1]},
{"frame":66,"values":[0.4869,-0.037,-0.1074,0,0.1124,0.0878,0.4792,0,0.0166,0.4908,-0.0938,0,0.1156,1.9128,-0.1132,1]},
{"frame":67,"values":[0.4869,-0.0378,-0.1071,0,0.1123,0.0889,0.479,0,0.0172,0.4906,-0.0951,0,0.1189,1.9145,-0.1142,1]},
{"frame":68,"values":[0.487,-0.0385,-0.1067,0,0.1121,0.0901,0.4789,0,0.0176,0.4903,-0.0964,0,0.1203,1.9163,-0.1143,1]},
{"frame":69,"values":[0.487,-0.039,-0.1063,0,0.1118,0.0911,0.4787,0,0.018,0.4901,-0.0975,0,0.1193,1.9181,-0.1133,1]},
{"frame":70,"values":[0.4871,-0.0392,-0.106,0,0.1116,0.0918,0.4787,0,0.0181,0.4899,-0.0982,0,0.1167,1.9196,-0.1115,1]},
{"frame":71,"values":[0.4871,-0.0392,-0.1058,0,0.1113,0.0923,0.4786,0,0.018,0.4898,-0.0987,0,0.1126,1.9209,-0.109,1]},
{"frame":72,"values":[0.4872,-0.0389,-0.1055,0,0.1111,0.0928,0.4786,0,0.0176,0.4898,-0.0991,0,0.1072,1.9218,-0.1058,1]},
{"frame":73,"values":[0.4873,-0.0383,-0.1054,0,0.1108,0.0934,0.4785,0,0.017,0.4897,-0.0995,0,0.1007,1.9223,-0.1021,1]},
{"frame":74,"values":[0.4873,-0.0377,-0.1052,0,0.1106,0.094,0.4785,0,0.0163,0.4896,-0.1,0,0.0931,1.9224,-0.0979,1]},
{"frame":75,"values":[0.4874,-0.0369,-0.1051,0,0.1103,0.0944,0.4785,0,0.0155,0.4896,-0.1002,0,0.0848,1.9222,-0.0935,1]},
{"frame":76,"values":[0.4876,-0.0358,-0.1049,0,0.1099,0.0943,0.4786,0,0.0145,0.4897,-0.0998,0,0.0758,1.9217,-0.0889,1]},
{"frame":77,"values":[0.4877,-0.0343,-0.1046,0,0.1093,0.0934,0.4789,0,0.0134,0.49,-0.0986,0,0.0663,1.9209,-0.0841,1]},
{"frame":78,"values":[0.4879,-0.0325,-0.1042,0,0.1085,0.0917,0.4794,0,0.012,0.4905,-0.0965,0,0.0566,1.9199,-0.0793,1]},
{"frame":79,"values":[0.4882,-0.0304,-0.1038,0,0.1077,0.0894,0.48,0,0.0106,0.491,-0.0938,0,0.0469,1.9187,-0.0744,1]},
{"frame":80,"values":[0.4884,-0.0282,-0.1035,0,0.1069,0.0868,0.4807,0,0.0092,0.4916,-0.0908,0,0.0374,1.9174,-0.0692,1]},
{"frame":81,"values":[0.4885,-0.0262,-0.1034,0,0.1064,0.0841,0.4812,0,0.0078,0.4922,-0.0878,0,0.0281,1.9163,-0.0638,1]},
{"frame":82,"values":[0.4885,-0.0245,-0.1038,0,0.1065,0.0816,0.4817,0,0.0066,0.4927,-0.085,0,0.019,1.9153,-0.0583,1]},
{"frame":83,"values":[0.4883,-0.023,-0.1049,0,0.1073,0.0795,0.4818,0,0.0055,0.4931,-0.0826,0,0.0104,1.9144,-0.0529,1]},
{"frame":84,"values":[0.488,-0.0219,-0.1067,0,0.1089,0.0777,0.4818,0,0.0045,0.4934,-0.0806,0,0.0023,1.9137,-0.0477,1]},
{"frame":85,"values":[0.4874,-0.0214,-0.1093,0,0.1113,0.0766,0.4814,0,0.0039,0.4936,-0.0794,0,-0.0049,1.9131,-0.0431,1]},
{"frame":86,"values":[0.4869,-0.0215,-0.1117,0,0.1137,0.0759,0.4809,0,0.0037,0.4937,-0.0788,0,-0.0112,1.9127,-0.0388,1]},
{"frame":87,"values":[0.4864,-0.0222,-0.1135,0,0.1156,0.0757,0.4805,0,0.0042,0.4937,-0.0788,0,-0.0164,1.9127,-0.0348,1]},
{"frame":88,"values":[0.4862,-0.0236,-0.1141,0,0.1164,0.0758,0.4803,0,0.0053,0.4937,-0.0792,0,-0.0205,1.913,-0.0313,1]},
{"frame":89,"values":[0.4863,-0.0253,-0.1133,0,0.1159,0.0767,0.4803,0,0.007,0.4934,-0.0805,0,-0.0225,1.9138,-0.0284,1]},
{"frame":90,"values":[0.4865,-0.027,-0.1122,0,0.1151,0.0783,0.4802,0,0.0084,0.4931,-0.0824,0,-0.0223,1.9147,-0.0266,1]},
{"frame":91,"values":[0.4866,-0.0281,-0.1117,0,0.1148,0.0804,0.48,0,0.009,0.4927,-0.0847,0,-0.019,1.9154,-0.0261,1]},
{"frame":92,"values":[0.4864,-0.0285,-0.1124,0,0.1157,0.0825,0.4794,0,0.0088,0.4923,-0.0868,0,-0.0123,1.9159,-0.0272,1]},
{"frame":93,"values":[0.4859,-0.0282,-0.1147,0,0.1178,0.0837,0.4787,0,0.0078,0.4921,-0.088,0,-0.0018,1.9158,-0.0301,1]},
{"frame":94,"values":[0.4852,-0.0278,-0.1173,0,0.1204,0.0837,0.478,0,0.007,0.4922,-0.088,0,0.0112,1.9151,-0.0346,1]},
{"frame":95,"values":[0.4847,-0.0278,-0.1197,0,0.1227,0.0827,0.4776,0,0.0067,0.4923,-0.0869,0,0.0258,1.9138,-0.04,1]},
{"frame":96,"values":[0.4843,-0.0282,-0.1212,0,0.1243,0.081,0.4775,0,0.0073,0.4926,-0.0855,0,0.0408,1.9118,-0.0461,1]},
{"frame":97,"values":[0.484,-0.0292,-0.1222,0,0.1253,0.0796,0.4775,0,0.0085,0.4928,-0.0843,0,0.0556,1.9091,-0.0523,1]},
{"frame":98,"values":[0.4837,-0.0305,-0.1228,0,0.1262,0.0786,0.4774,0,0.0098,0.4928,-0.0838,0,0.0697,1.906,-0.0583,1]},
{"frame":99,"values":[0.4835,-0.0318,-0.1235,0,0.1271,0.0782,0.4772,0,0.0111,0.4928,-0.0837,0,0.0832,1.9028,-0.0642,1]},
{"frame":100,"values":[0.4832,-0.0331,-0.1241,0,0.1279,0.0779,0.477,0,0.0123,0.4928,-0.0838,0,0.0959,1.8998,-0.0697,1]},
{"frame":101,"values":[0.483,-0.0344,-0.1246,0,0.1286,0.0777,0.4769,0,0.0134,0.4927,-0.0839,0,0.1077,1.8973,-0.0749,1]},
{"frame":102,"values":[0.4828,-0.0355,-0.1251,0,0.1292,0.0773,0.4768,0,0.0145,0.4927,-0.0838,0,0.1183,1.8952,-0.0795,1]},
{"frame":103,"values":[0.4826,-0.0364,-0.1255,0,0.1297,0.0767,0.4767,0,0.0155,0.4927,-0.0835,0,0.1276,1.8936,-0.0833,1]},
{"frame":104,"values":[0.4826,-0.0372,-0.1254,0,0.1298,0.076,0.4769,0,0.0164,0.4928,-0.083,0,0.1352,1.8925,-0.0861,1]},
{"frame":105,"values":[0.4829,-0.0377,-0.124,0,0.1285,0.0753,0.4773,0,0.0174,0.4929,-0.0824,0,0.1406,1.892,-0.0877,1]},
{"frame":106,"values":[0.4836,-0.0384,-0.121,0,0.1255,0.0749,0.4781,0,0.0186,0.4929,-0.0821,0,0.1442,1.8921,-0.0882,1]},
{"frame":107,"values":[0.4847,-0.0391,-0.1163,0,0.121,0.0751,0.4793,0,0.02,0.4928,-0.0822,0,0.146,1.8928,-0.0877,1]},
{"frame":108,"values":[0.4859,-0.0398,-0.1108,0,0.1158,0.0757,0.4805,0,0.0215,0.4926,-0.0828,0,0.1462,1.894,-0.0863,1]},
{"frame":109,"values":[0.4869,-0.0402,-0.1062,0,0.1113,0.0768,0.4814,0,0.0224,0.4924,-0.0837,0,0.1452,1.8954,-0.0841,1]},
{"frame":110,"values":[0.4876,-0.0402,-0.1033,0,0.1085,0.0778,0.4818,0,0.0227,0.4923,-0.0846,0,0.1433,1.8968,-0.0812,1]},
{"frame":111,"values":[0.4878,-0.0397,-0.1024,0,0.1075,0.0784,0.482,0,0.0222,0.4922,-0.085,0,0.1406,1.8979,-0.0778,1]},
{"frame":112,"values":[0.4878,-0.0389,-0.1026,0,0.1077,0.0786,0.4819,0,0.0214,0.4923,-0.085,0,0.1371,1.8986,-0.0738,1]},
{"frame":113,"values":[0.4878,-0.0381,-0.1029,0,0.1078,0.0782,0.4819,0,0.0207,0.4924,-0.0845,0,0.132,1.8992,-0.0692,1]},
{"frame":114,"values":[0.488,-0.0374,-0.1023,0,0.107,0.0775,0.4822,0,0.0203,0.4925,-0.0837,0,0.1253,1.8998,-0.064,1]},
{"frame":115,"values":[0.4884,-0.0368,-0.1006,0,0.1052,0.0767,0.4827,0,0.0201,0.4927,-0.0827,0,0.1172,1.9005,-0.0582,1]},
{"frame":116,"values":[0.489,-0.0362,-0.098,0,0.1025,0.0761,0.4834,0,0.0201,0.4929,-0.0818,0,0.1077,1.9014,-0.0519,1]},
{"frame":117,"values":[0.4896,-0.0354,-0.0952,0,0.0996,0.0757,0.4841,0,0.0199,0.493,-0.0812,0,0.0972,1.9023,-0.0453,1]},
{"frame":118,"values":[0.4901,-0.0346,-0.0928,0,0.0971,0.0757,0.4846,0,0.0195,0.493,-0.0809,0,0.0863,1.9032,-0.0385,1]},
{"frame":119,"values":[0.4905,-0.0337,-0.0912,0,0.0954,0.076,0.4849,0,0.0189,0.493,-0.081,0,0.0754,1.904,-0.0317,1]},
{"frame":120,"values":[0.4906,-0.033,-0.0905,0,0.0946,0.0763,0.485,0,0.0182,0.493,-0.0811,0,0.0648,1.9045,-0.025,1]},
{"frame":121,"values":[0.4906,-0.0323,-0.091,0,0.095,0.0763,0.4849,0,0.0175,0.4931,-0.081,0,0.0549,1.9047,-0.0188,1]},
{"frame":122,"values":[0.4904,-0.0318,-0.0923,0,0.0962,0.0758,0.4848,0,0.0168,0.4932,-0.0804,0,0.0458,1.9048,-0.0131,1]},
{"frame":123,"values":[0.4901,-0.0312,-0.0942,0,0.0979,0.0748,0.4846,0,0.0161,0.4934,-0.0794,0,0.0375,1.9049,-0.0082,1]},
{"frame":124,"values":[0.4897,-0.0304,-0.0961,0,0.0996,0.0736,0.4844,0,0.0153,0.4936,-0.0782,0,0.0299,1.9052,-0.0042,1]},
{"frame":125,"values":[0.4895,-0.0295,-0.0978,0,0.1011,0.0726,0.4842,0,0.0144,0.4938,-0.0771,0,0.0232,1.9056,-0.0013,1]},
{"frame":126,"values":[0.4892,-0.0289,-0.0991,0,0.1024,0.0719,0.4841,0,0.0138,0.494,-0.0763,0,0.0174,1.9059,0.0009,1]},
{"frame":127,"values":[0.4889,-0.029,-0.1004,0,0.1036,0.0715,0.4839,0,0.0138,0.494,-0.0759,0,0.0128,1.9059,0.0026,1]},
{"frame":128,"values":[0.4886,-0.0299,-0.1019,0,0.1052,0.0711,0.4836,0,0.0145,0.494,-0.0758,0,0.0098,1.9056,0.0036,1]},
{"frame":129,"values":[0.4881,-0.0313,-0.1037,0,0.1072,0.071,0.4832,0,0.0155,0.4939,-0.076,0,0.0085,1.9051,0.0037,1]},
{"frame":130,"values":[0.4878,-0.0321,-0.105,0,0.1087,0.0715,0.4828,0,0.016,0.4938,-0.0768,0,0.0078,1.9052,0.0029,1]},
{"frame":131,"values":[0.4877,-0.032,-0.1054,0,0.109,0.0729,0.4825,0,0.0155,0.4936,-0.0781,0,0.0066,1.906,0.0013,1]},
{"frame":132,"values":[0.4879,-0.031,-0.1047,0,0.1083,0.0751,0.4823,0,0.0141,0.4934,-0.08,0,0.0046,1.9075,-0.0006,1]},
{"frame":133,"values":[0.4883,-0.0294,-0.1033,0,0.1067,0.0778,0.4823,0,0.0122,0.493,-0.0822,0,0.002,1.9095,-0.0028,1]},
{"frame":140,"values":[0.4593,-0.0001,0.1975,0,-0.1969,0.0377,0.458,0,0.015,0.4986,-0.0346,0,-0.0032,2.0548,0.0386,1]},
{"frame":141,"values":[0.4633,-0.0039,0.1881,0,-0.1873,0.0364,0.4622,0,0.0173,0.4987,-0.0322,0,0.0091,2.05,0.027,1]},
{"frame":142,"values":[0.4693,-0.008,0.1723,0,-0.1714,0.0347,0.4684,0,0.0194,0.4987,-0.0298,0,0.0256,2.0452,0.0116,1]},
{"frame":143,"values":[0.4773,-0.0114,0.1484,0,-0.1474,0.0324,0.4767,0,0.0205,0.4988,-0.0276,0,0.0472,2.0392,-0.0067,1]},
{"frame":144,"values":[0.4867,-0.0122,0.1139,0,-0.1131,0.0278,0.4862,0,0.0182,0.4991,-0.0243,0,0.0751,2.0319,-0.0273,1]},
{"frame":145,"values":[0.4957,-0.0091,0.065,0,-0.0646,0.0182,0.4955,0,0.0114,0.4996,-0.0169,0,0.1116,2.0224,-0.0496,1]},
{"frame":146,"values":[0.5,-0.0054,0.0038,0,-0.0037,0.0067,0.4999,0,0.0055,0.4999,-0.0066,0,0.1545,2.0064,-0.0735,1]},
{"frame":147,"values":[0.4958,-0.0029,-0.0644,0,0.0643,-0.002,0.4958,0,0.0032,0.5,0.0016,0,0.2018,1.9802,-0.0991,1]},
{"frame":148,"values":[0.483,-0.0028,-0.1292,0,0.1292,-0.0039,0.483,0,0.0037,0.5,0.003,0,0.252,1.9446,-0.1253,1]},
{"frame":149,"values":[0.4681,-0.0105,-0.1754,0,0.1754,0,0.4682,0,0.0098,0.4999,-0.0037,0,0.3053,1.9005,-0.1532,1]},
{"frame":150,"values":[0.4581,-0.0225,-0.1991,0,0.1995,0.0034,0.4585,0,0.0193,0.4995,-0.0121,0,0.3554,1.8605,-0.176,1]},
{"frame":151,"values":[0.4543,-0.0343,-0.206,0,0.2069,0.0077,0.4551,0,0.028,0.4988,-0.0211,0,0.3983,1.8308,-0.1914,1]},
{"frame":152,"values":[0.4537,-0.0421,-0.2059,0,0.2079,0.0182,0.4544,0,0.0308,0.4979,-0.034,0,0.4317,1.8178,-0.1971,1]},
{"frame":153,"values":[0.4542,-0.0469,-0.2038,0,0.2072,0.0342,0.4538,0,0.0286,0.4966,-0.0505,0,0.4551,1.8212,-0.1929,1]},
{"frame":154,"values":[0.4558,-0.0509,-0.1991,0,0.2037,0.0474,0.4542,0,0.0273,0.4951,-0.064,0,0.4726,1.8306,-0.1838,1]},
{"frame":155,"values":[0.4583,-0.0542,-0.1924,0,0.1979,0.0559,0.4558,0,0.028,0.4939,-0.0727,0,0.4862,1.8413,-0.1731,1]},
{"frame":156,"values":[0.4607,-0.0574,-0.1856,0,0.192,0.0622,0.4575,0,0.0294,0.4928,-0.0793,0,0.4968,1.8506,-0.1623,1]},
{"frame":157,"values":[0.4625,-0.0609,-0.1799,0,0.1872,0.0673,0.4587,0,0.0317,0.4917,-0.0851,0,0.5046,1.857,-0.1525,1]},
{"frame":158,"values":[0.4638,-0.0635,-0.1758,0,0.1838,0.0702,0.4597,0,0.0337,0.491,-0.0885,0,0.5115,1.8604,-0.1444,1]},
{"frame":159,"values":[0.4644,-0.0633,-0.1742,0,0.1823,0.0712,0.4601,0,0.0335,0.4908,-0.0892,0,0.5196,1.8607,-0.1374,1]},
{"frame":160,"values":[0.4645,-0.0608,-0.1748,0,0.1825,0.0717,0.46,0,0.0308,0.4911,-0.0888,0,0.5301,1.8585,-0.1305,1]},
{"frame":161,"values":[0.4641,-0.0576,-0.177,0,0.1841,0.0724,0.4592,0,0.0272,0.4914,-0.0884,0,0.5439,1.8543,-0.1239,1]},
{"frame":162,"values":[0.4631,-0.0546,-0.1805,0,0.1871,0.0723,0.458,0,0.0239,0.4917,-0.0874,0,0.5596,1.8492,-0.1189,1]},
{"frame":163,"values":[0.4612,-0.052,-0.186,0,0.1919,0.0707,0.4562,0,0.0212,0.4922,-0.0852,0,0.5768,1.8435,-0.1167,1]},
{"frame":164,"values":[0.4583,-0.0502,-0.1934,0,0.1989,0.0677,0.4537,0,0.0194,0.4929,-0.082,0,0.5948,1.8373,-0.117,1]},
{"frame":165,"values":[0.4546,-0.0501,-0.2021,0,0.2073,0.0643,0.4504,0,0.0192,0.4933,-0.0792,0,0.6142,1.8325,-0.1191,1]},
{"frame":166,"values":[0.4506,-0.0513,-0.2106,0,0.2159,0.0613,0.4468,0,0.0201,0.4936,-0.0774,0,0.6346,1.8321,-0.1229,1]},
{"frame":167,"values":[0.4477,-0.0533,-0.2161,0,0.2215,0.058,0.4445,0,0.0223,0.4938,-0.0755,0,0.6552,1.8384,-0.1286,1]},
{"frame":168,"values":[0.4466,-0.0558,-0.2178,0,0.2233,0.0542,0.4441,0,0.0259,0.4939,-0.0733,0,0.6736,1.8512,-0.1343,1]},
{"frame":169,"values":[0.446,-0.0585,-0.2184,0,0.2241,0.0501,0.4442,0,0.0301,0.494,-0.0709,0,0.6861,1.8676,-0.1359,1]},
{"frame":170,"values":[0.4456,-0.0616,-0.2182,0,0.2241,0.0461,0.4446,0,0.0347,0.494,-0.0686,0,0.6941,1.8836,-0.1327,1]},
{"frame":171,"values":[0.4457,-0.065,-0.2171,0,0.2231,0.0418,0.4455,0,0.0398,0.494,-0.0662,0,0.6995,1.8964,-0.1265,1]},
{"frame":172,"values":[0.4463,-0.0688,-0.2147,0,0.2208,0.037,0.4471,0,0.0457,0.4939,-0.0634,0,0.7033,1.907,-0.1196,1]},
{"frame":173,"values":[0.4472,-0.0728,-0.2114,0,0.2174,0.0317,0.4491,0,0.052,0.4937,-0.06,0,0.7055,1.9163,-0.113,1]},
{"frame":174,"values":[0.4485,-0.0766,-0.2073,0,0.2133,0.0267,0.4514,0,0.0581,0.4934,-0.0566,0,0.7059,1.9248,-0.1069,1]},
{"frame":175,"values":[0.4501,-0.0802,-0.2023,0,0.2081,0.0222,0.4541,0,0.0639,0.493,-0.0533,0,0.7039,1.9325,-0.1013,1]},
{"frame":176,"values":[0.4525,-0.0832,-0.1958,0,0.2012,0.018,0.4574,0,0.0691,0.4927,-0.0498,0,0.6996,1.9396,-0.0967,1]},
{"frame":177,"values":[0.4557,-0.0851,-0.1872,0,0.1923,0.0147,0.4613,0,0.0731,0.4925,-0.0461,0,0.6928,1.9458,-0.0925,1]},
{"frame":178,"values":[0.4594,-0.0861,-0.1775,0,0.1822,0.0124,0.4655,0,0.0757,0.4924,-0.0428,0,0.6837,1.9513,-0.0886,1]},
{"frame":179,"values":[0.4634,-0.0862,-0.167,0,0.1713,0.0113,0.4696,0,0.0772,0.4924,-0.04,0,0.6711,1.9564,-0.0862,1]},
{"frame":180,"values":[0.4676,-0.0856,-0.1551,0,0.1591,0.0107,0.4739,0,0.0778,0.4925,-0.0373,0,0.6554,1.9608,-0.0865,1]},
{"frame":181,"values":[0.4723,-0.0845,-0.1407,0,0.1445,0.0105,0.4786,0,0.0779,0.4927,-0.0343,0,0.6406,1.9643,-0.0883,1]},
{"frame":182,"values":[0.4771,-0.0829,-0.1244,0,0.1278,0.0107,0.4833,0,0.0775,0.493,-0.0314,0,0.6293,1.9668,-0.0892,1]},
{"frame":183,"values":[0.4818,-0.0807,-0.1064,0,0.1096,0.0116,0.4877,0,0.0762,0.4933,-0.0289,0,0.6197,1.9685,-0.0897,1]},
{"frame":184,"values":[0.4861,-0.0778,-0.0876,0,0.0906,0.0131,0.4915,0,0.0742,0.4937,-0.0268,0,0.6095,1.9689,-0.092,1]},
{"frame":185,"values":[0.49,-0.074,-0.0666,0,0.0697,0.0159,0.4949,0,0.0712,0.4942,-0.0259,0,0.5976,1.9663,-0.0976,1]},
{"frame":186,"values":[0.4932,-0.0693,-0.0442,0,0.0473,0.0191,0.4974,0,0.0673,0.4948,-0.0254,0,0.5848,1.9618,-0.1059,1]},
{"frame":187,"values":[0.4955,-0.0639,-0.0203,0,0.0233,0.0226,0.4989,0,0.0629,0.4954,-0.0254,0,0.5715,1.9564,-0.1166,1]},
{"frame":188,"values":[0.4966,-0.0579,0.0052,0,-0.0022,0.0261,0.4993,0,0.0581,0.4959,-0.0257,0,0.558,1.9508,-0.1304,1]},
{"frame":189,"values":[0.4963,-0.0513,0.0319,0,-0.0289,0.0296,0.4983,0,0.053,0.4965,-0.0264,0,0.5414,1.9448,-0.1464,1]},
{"frame":190,"values":[0.4945,-0.0438,0.0593,0,-0.0565,0.0329,0.4957,0,0.0473,0.497,-0.0276,0,0.5188,1.9386,-0.1605,1]},
{"frame":191,"values":[0.491,-0.0357,0.0872,0,-0.0846,0.0358,0.4915,0,0.0414,0.4974,-0.0292,0,0.4906,1.933,-0.1706,1]},
{"frame":192,"values":[0.4857,-0.0261,0.1158,0,-0.1137,0.0382,0.4854,0,0.0342,0.4979,-0.0311,0,0.4587,1.9275,-0.1769,1]},
{"frame":193,"values":[0.4774,-0.0117,0.148,0,-0.1467,0.0396,0.4764,0,0.0229,0.4983,-0.0344,0,0.4228,1.9206,-0.1796,1]},
{"frame":194,"values":[0.4656,0.0062,0.182,0,-0.1819,0.0397,0.464,0,0.0087,0.4984,-0.0392,0,0.3832,1.9124,-0.1805,1]},
{"frame":195,"values":[0.4502,0.0261,0.216,0,-0.2175,0.0381,0.4486,0,-0.007,0.4979,-0.0457,0,0.3418,1.9026,-0.1803,1]},
{"frame":196,"values":[0.4318,0.0452,0.248,0,-0.2511,0.0351,0.4309,0,-0.0215,0.4967,-0.053,0,0.2999,1.8938,-0.179,1]},
{"frame":197,"values":[0.4227,0.0457,0.2632,0,-0.2669,0.0512,0.4197,0,-0.0114,0.4953,-0.0677,0,0.2545,1.8701,-0.181,1]},
{"frame":198,"values":[0.421,0.0437,0.2662,0,-0.2697,0.0674,0.4156,0,-0.0004,0.4935,-0.0803,0,0.2169,1.8583,-0.1816,1]},
{"frame":199,"values":[0.4215,0.0457,0.265,0,-0.2689,0.0807,0.4138,0,0.005,0.4913,-0.0926,0,0.1903,1.8652,-0.1763,1]},
{"frame":200,"values":[0.4224,0.0502,0.2628,0,-0.2674,0.0951,0.4117,0,0.0087,0.4883,-0.1072,0,0.1734,1.8823,-0.1649,1]},
{"frame":201,"values":[0.4244,0.0536,0.2589,0,-0.2641,0.1066,0.4109,0,0.0111,0.4855,-0.1188,0,0.1634,1.8989,-0.1498,1]},
{"frame":202,"values":[0.4274,0.0542,0.2537,0,-0.2592,0.1106,0.413,0,0.0114,0.4846,-0.1227,0,0.1572,1.9094,-0.1333,1]},
{"frame":203,"values":[0.4308,0.0525,0.2484,0,-0.2537,0.1082,0.4171,0,0.01,0.4853,-0.1199,0,0.1533,1.9145,-0.1153,1]},
{"frame":204,"values":[0.4344,0.0496,0.2425,0,-0.2474,0.1032,0.4221,0,0.0082,0.4867,-0.1142,0,0.1503,1.9161,-0.0959,1]},
{"frame":205,"values":[0.4384,0.046,0.236,0,-0.2403,0.0991,0.4271,0,0.0074,0.4879,-0.109,0,0.1463,1.9147,-0.0765,1]},
{"frame":206,"values":[0.4421,0.0416,0.2297,0,-0.2333,0.0984,0.4312,0,0.0093,0.4885,-0.1064,0,0.1396,1.9119,-0.0581,1]},
{"frame":207,"values":[0.4454,0.0363,0.2242,0,-0.2267,0.1007,0.4341,0,0.0136,0.4884,-0.1061,0,0.1285,1.9093,-0.0419,1]},
{"frame":208,"values":[0.448,0.031,0.2199,0,-0.2213,0.1032,0.4363,0,0.0183,0.4882,-0.1062,0,0.1126,1.9075,-0.0283,1]},
{"frame":209,"values":[0.4492,0.0263,0.218,0,-0.2184,0.1049,0.4374,0,0.0227,0.4882,-0.1057,0,0.0918,1.9052,-0.0167,1]},
{"frame":210,"values":[0.4487,0.0223,0.2194,0,-0.2188,0.1082,0.4364,0,0.0281,0.4876,-0.1069,0,0.0682,1.9014,-0.0067,1]},
{"frame":211,"values":[0.4456,0.0192,0.2259,0,-0.2241,0.1135,0.4323,0,0.0347,0.4866,-0.1098,0,0.0431,1.897,0.001,1]},
{"frame":212,"values":[0.4395,0.0186,0.2377,0,-0.2351,0.1172,0.4255,0,0.0399,0.4857,-0.1117,0,0.0171,1.8924,0.0061,1]},
{"frame":213,"values":[0.4318,0.0214,0.2512,0,-0.2488,0.116,0.4179,0,0.0404,0.4859,-0.1108,0,-0.009,1.8887,0.0097,1]},
{"frame":214,"values":[0.4249,0.0248,0.2624,0,-0.2606,0.1141,0.4112,0,0.0395,0.4862,-0.1099,0,-0.0325,1.8861,0.0143,1]},
{"frame":215,"values":[0.4195,0.0275,0.2707,0,-0.2692,0.115,0.4054,0,0.04,0.4858,-0.1113,0,-0.0528,1.8865,0.0195,1]},
{"frame":216,"values":[0.4157,0.0299,0.2762,0,-0.2748,0.1172,0.4009,0,0.0408,0.4851,-0.1139,0,-0.0704,1.8916,0.023,1]},
{"frame":217,"values":[0.4133,0.0312,0.2797,0,-0.2785,0.1172,0.3984,0,0.0407,0.4851,-0.1142,0,-0.0849,1.9013,0.0241,1]},
{"frame":218,"values":[0.41,0.0319,0.2844,0,-0.2834,0.1147,0.3957,0,0.04,0.4856,-0.1122,0,-0.0952,1.9143,0.0244,1]},
{"frame":219,"values":[0.4053,0.034,0.2908,0,-0.2904,0.1099,0.3919,0,0.0373,0.4866,-0.1088,0,-0.1015,1.9305,0.0257,1]},
{"frame":220,"values":[0.4015,0.0374,0.2956,0,-0.2963,0.1027,0.3894,0,0.0316,0.4879,-0.1047,0,-0.1041,1.949,0.0291,1]},
{"frame":221,"values":[0.4028,0.0397,0.2935,0,-0.2952,0.0949,0.3923,0,0.0245,0.4893,-0.0999,0,-0.1039,1.9685,0.0334,1]},
{"frame":222,"values":[0.408,0.0397,0.2862,0,-0.2884,0.0883,0.3988,0,0.0189,0.4905,-0.0949,0,-0.1018,1.9873,0.0379,1]},
{"frame":223,"values":[0.4141,0.0381,0.2777,0,-0.2799,0.0818,0.4061,0,0.0145,0.4918,-0.0891,0,-0.0981,2.0041,0.0431,1]},
{"frame":224,"values":[0.4193,0.0359,0.27,0,-0.2722,0.0741,0.4128,0,0.0103,0.4932,-0.0817,0,-0.0925,2.0177,0.0494,1]},
{"frame":225,"values":[0.424,0.0334,0.2628,0,-0.2648,0.0666,0.4188,0,0.007,0.4944,-0.0741,0,-0.0862,2.0288,0.0551,1]},
{"frame":226,"values":[0.4283,0.0301,0.2563,0,-0.258,0.0608,0.424,0,0.0057,0.4954,-0.0676,0,-0.0804,2.0391,0.0584,1]},
{"frame":227,"values":[0.4316,0.0257,0.2511,0,-0.2523,0.0559,0.428,0,0.0061,0.4962,-0.0613,0,-0.0749,2.0482,0.0595,1]},
{"frame":228,"values":[0.4345,0.0209,0.2465,0,-0.2473,0.0506,0.4316,0,0.0069,0.497,-0.0543,0,-0.069,2.055,0.0592,1]},
{"frame":229,"values":[0.4381,0.0168,0.2403,0,-0.2408,0.0449,0.4359,0,0.007,0.4977,-0.0474,0,-0.0619,2.0593,0.0589,1]},
{"frame":230,"values":[0.4426,0.0131,0.2322,0,-0.2324,0.0407,0.4408,0,0.0074,0.4982,-0.0421,0,-0.0534,2.0617,0.0596,1]},
{"frame":231,"values":[0.4474,0.0094,0.2231,0,-0.2231,0.0387,0.4458,0,0.0088,0.4984,-0.0388,0,-0.0437,2.0626,0.0608,1]},
{"frame":232,"values":[0.4515,0.0067,0.2146,0,-0.2145,0.0384,0.45,0,0.0105,0.4985,-0.0376,0,-0.0336,2.0627,0.0614,1]},
{"frame":233,"values":[0.4545,0.0065,0.2083,0,-0.2081,0.0386,0.453,0,0.0102,0.4985,-0.0378,0,-0.0252,2.0629,0.0593,1]},
{"frame":234,"values":[0.4564,0.0065,0.2042,0,-0.204,0.0384,0.4549,0,0.0098,0.4985,-0.0377,0,-0.0185,2.062,0.0546,1]},
{"frame":235,"values":[0.4577,0.0041,0.2013,0,-0.201,0.0382,0.4562,0,0.0116,0.4985,-0.0366,0,-0.0118,2.0588,0.0479,1]},
{"frame":236,"values":[0.4593,-0.0001,0.1975,0,-0.1969,0.0377,0.458,0,0.015,0.4986,-0.0346,0,-0.0032,2.0548,0.0386,1]}]}},
{"name":"Spine","index":1,"matrix":[0.9993,-0.0257,0.0281,0,-0.03,-0.0789,0.9964,0,-0.0234,-0.9966,-0.0796,0,0,0.0322,0.3878,1],"rest":[1,0,0,0,0,0.0826,0.9966,0,0,-0.9966,0.0826,0,0,0.0322,0.3878,1],"parentBoneIndex":0,"length":0.454
,"animation":
{"name":"anim","property":"_matrix","dataType":3,"framePerSecond":24,"loopBehavior":1,"keys":[
{"frame":0,"values":[0.9993,-0.0245,0.0277,0,-0.0296,-0.0801,0.9963,0,-0.0221,-0.9965,-0.0808,0,0,0.0322,0.3878,1]},
{"frame":1,"values":[0.9993,-0.0257,0.0281,0,-0.03,-0.0789,0.9964,0,-0.0234,-0.9966,-0.0796,0,0,0.0322,0.3878,1]},
{"frame":2,"values":[0.9992,-0.0269,0.0283,0,-0.0304,-0.0777,0.9965,0,-0.0246,-0.9966,-0.0784,0,0,0.0322,0.3878,1]},
{"frame":3,"values":[0.9992,-0.0281,0.0286,0,-0.0307,-0.0765,0.9966,0,-0.0258,-0.9967,-0.0773,0,0,0.0322,0.3878,1]},
{"frame":4,"values":[0.9992,-0.0292,0.0288,0,-0.0309,-0.0753,0.9967,0,-0.0269,-0.9967,-0.0762,0,0,0.0322,0.3878,1]},
{"frame":5,"values":[0.9991,-0.0301,0.029,0,-0.0312,-0.0743,0.9968,0,-0.0278,-0.9968,-0.0751,0,0,0.0322,0.3878,1]},
{"frame":6,"values":[0.9991,-0.0307,0.0291,0,-0.0313,-0.0733,0.9968,0,-0.0284,-0.9968,-0.0742,0,0,0.0322,0.3878,1]},
{"frame":7,"values":[0.9991,-0.0309,0.0291,0,-0.0313,-0.0725,0.9969,0,-0.0287,-0.9969,-0.0734,0,0,0.0322,0.3878,1]},
{"frame":8,"values":[0.9991,-0.0308,0.0289,0,-0.0311,-0.0721,0.9969,0,-0.0286,-0.9969,-0.073,0,0,0.0322,0.3878,1]},
{"frame":9,"values":[0.9991,-0.0307,0.0285,0,-0.0307,-0.0723,0.9969,0,-0.0286,-0.9969,-0.0732,0,0,0.0322,0.3878,1]},
{"frame":10,"values":[0.9991,-0.0309,0.0281,0,-0.0303,-0.0729,0.9969,0,-0.0287,-0.9969,-0.0738,0,0,0.0322,0.3878,1]},
{"frame":11,"values":[0.9991,-0.0311,0.0278,0,-0.03,-0.0738,0.9968,0,-0.029,-0.9968,-0.0747,0,0,0.0322,0.3878,1]},
{"frame":12,"values":[0.9991,-0.0313,0.0275,0,-0.0298,-0.0749,0.9967,0,-0.0292,-0.9967,-0.0757,0,0,0.0322,0.3878,1]},
{"frame":13,"values":[0.9991,-0.0314,0.0273,0,-0.0296,-0.0758,0.9967,0,-0.0292,-0.9966,-0.0767,0,0,0.0322,0.3878,1]},
{"frame":14,"values":[0.9991,-0.0313,0.0273,0,-0.0296,-0.0766,0.9966,0,-0.0291,-0.9966,-0.0775,0,0,0.0322,0.3878,1]},
{"frame":15,"values":[0.9991,-0.0312,0.0274,0,-0.0297,-0.0771,0.9966,0,-0.0289,-0.9965,-0.0779,0,0,0.0322,0.3878,1]},
{"frame":16,"values":[0.9991,-0.0312,0.0276,0,-0.0299,-0.0771,0.9966,0,-0.029,-0.9965,-0.078,0,0,0.0322,0.3878,1]},
{"frame":17,"values":[0.9991,-0.0315,0.0279,0,-0.0302,-0.0768,0.9966,0,-0.0293,-0.9965,-0.0777,0,0,0.0322,0.3878,1]},
{"frame":18,"values":[0.9991,-0.0322,0.0282,0,-0.0306,-0.0762,0.9966,0,-0.0299,-0.9966,-0.0771,0,0,0.0322,0.3878,1]},
{"frame":19,"values":[0.999,-0.0331,0.0284,0,-0.0309,-0.0754,0.9967,0,-0.0309,-0.9966,-0.0763,0,0,0.0322,0.3878,1]},
{"frame":20,"values":[0.999,-0.0342,0.0286,0,-0.0311,-0.0746,0.9967,0,-0.0319,-0.9966,-0.0756,0,0,0.0322,0.3878,1]},
{"frame":21,"values":[0.999,-0.0351,0.0288,0,-0.0314,-0.0741,0.9968,0,-0.0329,-0.9966,-0.0751,0,0,0.0322,0.3878,1]},
{"frame":22,"values":[0.9989,-0.0359,0.029,0,-0.0316,-0.0738,0.9968,0,-0.0337,-0.9966,-0.0748,0,0,0.0322,0.3878,1]},
{"frame":23,"values":[0.9989,-0.0364,0.0293,0,-0.0319,-0.0737,0.9968,0,-0.0341,-0.9966,-0.0748,0,0,0.0322,0.3878,1]},
{"frame":24,"values":[0.9989,-0.0365,0.0297,0,-0.0323,-0.0739,0.9967,0,-0.0342,-0.9966,-0.075,0,0,0.0322,0.3878,1]},
{"frame":25,"values":[0.9989,-0.0364,0.0302,0,-0.0328,-0.0743,0.9967,0,-0.034,-0.9966,-0.0755,0,0,0.0322,0.3878,1]},
{"frame":26,"values":[0.9989,-0.0361,0.0308,0,-0.0335,-0.0748,0.9966,0,-0.0337,-0.9965,-0.0759,0,0,0.0322,0.3878,1]},
{"frame":27,"values":[0.9989,-0.0358,0.0315,0,-0.0341,-0.0752,0.9966,0,-0.0333,-0.9965,-0.0764,0,0,0.0322,0.3878,1]},
{"frame":28,"values":[0.9988,-0.0356,0.0322,0,-0.0348,-0.0756,0.9965,0,-0.033,-0.9965,-0.0768,0,0,0.0322,0.3878,1]},
{"frame":29,"values":[0.9988,-0.0355,0.0329,0,-0.0355,-0.0759,0.9965,0,-0.0328,-0.9965,-0.0771,0,0,0.0322,0.3878,1]},
{"frame":30,"values":[0.9988,-0.0354,0.0334,0,-0.036,-0.0761,0.9964,0,-0.0327,-0.9965,-0.0773,0,0,0.0322,0.3878,1]},
{"frame":31,"values":[0.9988,-0.0354,0.0338,0,-0.0364,-0.0763,0.9964,0,-0.0327,-0.9965,-0.0775,0,0,0.0322,0.3878,1]},
{"frame":32,"values":[0.9988,-0.0354,0.034,0,-0.0367,-0.0766,0.9964,0,-0.0326,-0.9964,-0.0778,0,0,0.0322,0.3878,1]},
{"frame":33,"values":[0.9988,-0.0354,0.0342,0,-0.0369,-0.077,0.9964,0,-0.0326,-0.9964,-0.0782,0,0,0.0322,0.3878,1]},
{"frame":34,"values":[0.9988,-0.0355,0.0343,0,-0.037,-0.0775,0.9963,0,-0.0327,-0.9964,-0.0787,0,0,0.0322,0.3878,1]},
{"frame":35,"values":[0.9988,-0.0356,0.0345,0,-0.0372,-0.0782,0.9962,0,-0.0328,-0.9963,-0.0794,0,0,0.0322,0.3878,1]},
{"frame":36,"values":[0.9988,-0.036,0.0346,0,-0.0373,-0.0791,0.9962,0,-0.0331,-0.9962,-0.0803,0,0,0.0322,0.3878,1]},
{"frame":37,"values":[0.9987,-0.0364,0.0346,0,-0.0375,-0.08,0.9961,0,-0.0335,-0.9961,-0.0812,0,0,0.0322,0.3878,1]},
{"frame":38,"values":[0.9987,-0.0368,0.0346,0,-0.0375,-0.0808,0.996,0,-0.0339,-0.996,-0.0821,0,0,0.0322,0.3878,1]},
{"frame":39,"values":[0.9987,-0.0371,0.0345,0,-0.0374,-0.0815,0.996,0,-0.0341,-0.996,-0.0828,0,0,0.0322,0.3878,1]},
{"frame":40,"values":[0.9987,-0.0369,0.0341,0,-0.037,-0.0818,0.996,0,-0.034,-0.996,-0.0831,0,0,0.0322,0.3878,1]},
{"frame":41,"values":[0.9988,-0.0359,0.0333,0,-0.0362,-0.0817,0.996,0,-0.0331,-0.996,-0.0829,0,0,0.0322,0.3878,1]},
{"frame":42,"values":[0.9989,-0.0342,0.0323,0,-0.035,-0.0813,0.9961,0,-0.0315,-0.9961,-0.0824,0,0,0.0322,0.3878,1]},
{"frame":43,"values":[0.999,-0.0319,0.0309,0,-0.0334,-0.0806,0.9962,0,-0.0293,-0.9962,-0.0816,0,0,0.0322,0.3878,1]},
{"frame":44,"values":[0.9991,-0.0291,0.0294,0,-0.0316,-0.0798,0.9963,0,-0.0266,-0.9964,-0.0807,0,0,0.0322,0.3878,1]},
{"frame":45,"values":[0.9993,-0.0261,0.0277,0,-0.0297,-0.0792,0.9964,0,-0.0238,-0.9965,-0.0799,0,0,0.0322,0.3878,1]},
{"frame":46,"values":[0.9994,-0.0235,0.0263,0,-0.028,-0.0787,0.9965,0,-0.0214,-0.9966,-0.0793,0,0,0.0322,0.3878,1]},
{"frame":47,"values":[0.9995,-0.0215,0.0251,0,-0.0267,-0.0785,0.9966,0,-0.0195,-0.9967,-0.0791,0,0,0.0322,0.3878,1]},
{"frame":48,"values":[0.9995,-0.0202,0.0242,0,-0.0257,-0.0785,0.9966,0,-0.0183,-0.9967,-0.079,0,0,0.0322,0.3878,1]},
{"frame":49,"values":[0.9995,-0.0198,0.0238,0,-0.0253,-0.0784,0.9966,0,-0.0179,-0.9967,-0.0789,0,0,0.0322,0.3878,1]},
{"frame":50,"values":[0.9995,-0.0198,0.0237,0,-0.0251,-0.0781,0.9966,0,-0.0179,-0.9967,-0.0786,0,0,0.0322,0.3878,1]},
{"frame":51,"values":[0.9995,-0.02,0.0238,0,-0.0253,-0.0775,0.9967,0,-0.0181,-0.9968,-0.078,0,0,0.0322,0.3878,1]},
{"frame":52,"values":[0.9995,-0.02,0.024,0,-0.0255,-0.0766,0.9967,0,-0.0181,-0.9969,-0.0771,0,0,0.0322,0.3878,1]},
{"frame":53,"values":[0.9995,-0.0195,0.0243,0,-0.0257,-0.0753,0.9968,0,-0.0176,-0.997,-0.0758,0,0,0.0322,0.3878,1]},
{"frame":54,"values":[0.9995,-0.0186,0.0245,0,-0.0258,-0.074,0.9969,0,-0.0167,-0.9971,-0.0744,0,0,0.0322,0.3878,1]},
{"frame":55,"values":[0.9996,-0.0172,0.0245,0,-0.0257,-0.0727,0.997,0,-0.0154,-0.9972,-0.0732,0,0,0.0322,0.3878,1]},
{"frame":56,"values":[0.9996,-0.0156,0.0245,0,-0.0255,-0.0717,0.9971,0,-0.0138,-0.9973,-0.0721,0,0,0.0322,0.3878,1]},
{"frame":57,"values":[0.9996,-0.014,0.0242,0,-0.0251,-0.0711,0.9971,0,-0.0122,-0.9974,-0.0715,0,0,0.0322,0.3878,1]},
{"frame":58,"values":[0.9996,-0.0126,0.0238,0,-0.0246,-0.0709,0.9972,0,-0.0109,-0.9974,-0.0712,0,0,0.0322,0.3878,1]},
{"frame":59,"values":[0.9997,-0.0115,0.0233,0,-0.024,-0.071,0.9972,0,-0.0098,-0.9974,-0.0712,0,0,0.0322,0.3878,1]},
{"frame":60,"values":[0.9997,-0.0108,0.0226,0,-0.0234,-0.0712,0.9972,0,-0.0091,-0.9974,-0.0714,0,0,0.0322,0.3878,1]},
{"frame":61,"values":[0.9997,-0.0104,0.022,0,-0.0226,-0.0714,0.9972,0,-0.0088,-0.9974,-0.0716,0,0,0.0322,0.3878,1]},
{"frame":62,"values":[0.9997,-0.0102,0.0213,0,-0.0219,-0.0716,0.9972,0,-0.0087,-0.9974,-0.0718,0,0,0.0322,0.3878,1]},
{"frame":63,"values":[0.9997,-0.0102,0.0206,0,-0.0213,-0.0717,0.9972,0,-0.0087,-0.9974,-0.0719,0,0,0.0322,0.3878,1]},
{"frame":64,"values":[0.9997,-0.0102,0.02,0,-0.0207,-0.0718,0.9972,0,-0.0087,-0.9974,-0.0719,0,0,0.0322,0.3878,1]},
{"frame":65,"values":[0.9998,-0.0102,0.0195,0,-0.0201,-0.0717,0.9972,0,-0.0088,-0.9974,-0.0719,0,0,0.0322,0.3878,1]},
{"frame":66,"values":[0.9998,-0.0103,0.019,0,-0.0197,-0.0717,0.9972,0,-0.0089,-0.9974,-0.0719,0,0,0.0322,0.3878,1]},
{"frame":67,"values":[0.9998,-0.0104,0.0185,0,-0.0192,-0.0716,0.9972,0,-0.0091,-0.9974,-0.0718,0,0,0.0322,0.3878,1]},
{"frame":68,"values":[0.9998,-0.0105,0.018,0,-0.0187,-0.0716,0.9973,0,-0.0092,-0.9974,-0.0718,0,0,0.0322,0.3878,1]},
{"frame":69,"values":[0.9998,-0.0105,0.0174,0,-0.0181,-0.0714,0.9973,0,-0.0093,-0.9974,-0.0716,0,0,0.0322,0.3878,1]},
{"frame":70,"values":[0.9998,-0.0105,0.0168,0,-0.0175,-0.0713,0.9973,0,-0.0092,-0.9974,-0.0714,0,0,0.0322,0.3878,1]},
{"frame":71,"values":[0.9998,-0.0102,0.0161,0,-0.0168,-0.071,0.9973,0,-0.009,-0.9974,-0.0712,0,0,0.0322,0.3878,1]},
{"frame":72,"values":[0.9998,-0.0098,0.0154,0,-0.016,-0.0707,0.9974,0,-0.0087,-0.9974,-0.0708,0,0,0.0322,0.3878,1]},
{"frame":73,"values":[0.9999,-0.0091,0.0147,0,-0.0153,-0.0704,0.9974,0,-0.008,-0.9975,-0.0705,0,0,0.0322,0.3878,1]},
{"frame":74,"values":[0.9999,-0.0083,0.014,0,-0.0145,-0.0702,0.9974,0,-0.0073,-0.9975,-0.0703,0,0,0.0322,0.3878,1]},
{"frame":75,"values":[0.9999,-0.0074,0.0133,0,-0.0138,-0.0701,0.9974,0,-0.0065,-0.9975,-0.0702,0,0,0.0322,0.3878,1]},
{"frame":76,"values":[0.9999,-0.0066,0.0126,0,-0.013,-0.0702,0.9974,0,-0.0057,-0.9975,-0.0703,0,0,0.0322,0.3878,1]},
{"frame":77,"values":[0.9999,-0.006,0.012,0,-0.0124,-0.0706,0.9974,0,-0.0051,-0.9975,-0.0707,0,0,0.0322,0.3878,1]},
{"frame":78,"values":[0.9999,-0.0055,0.0114,0,-0.0118,-0.0713,0.9974,0,-0.0047,-0.9974,-0.0714,0,0,0.0322,0.3878,1]},
{"frame":79,"values":[0.9999,-0.0052,0.0111,0,-0.0114,-0.0722,0.9973,0,-0.0044,-0.9974,-0.0722,0,0,0.0322,0.3878,1]},
{"frame":80,"values":[0.9999,-0.005,0.0109,0,-0.0112,-0.0732,0.9973,0,-0.0042,-0.9973,-0.0733,0,0,0.0322,0.3878,1]},
{"frame":81,"values":[0.9999,-0.0049,0.011,0,-0.0114,-0.0744,0.9972,0,-0.004,-0.9972,-0.0745,0,0,0.0322,0.3878,1]},
{"frame":82,"values":[0.9999,-0.0046,0.0114,0,-0.0118,-0.0756,0.9971,0,-0.0038,-0.9971,-0.0756,0,0,0.0322,0.3878,1]},
{"frame":83,"values":[0.9999,-0.0043,0.0121,0,-0.0124,-0.0766,0.997,0,-0.0034,-0.9971,-0.0766,0,0,0.0322,0.3878,1]},
{"frame":84,"values":[0.9999,-0.0039,0.0129,0,-0.0132,-0.0774,0.9969,0,-0.0029,-0.997,-0.0775,0,0,0.0322,0.3878,1]},
{"frame":85,"values":[0.9999,-0.0035,0.0139,0,-0.0142,-0.0779,0.9969,0,-0.0024,-0.997,-0.0779,0,0,0.0322,0.3878,1]},
{"frame":86,"values":[0.9999,-0.0033,0.015,0,-0.0152,-0.078,0.9968,0,-0.0021,-0.9969,-0.078,0,0,0.0322,0.3878,1]},
{"frame":87,"values":[0.9999,-0.0034,0.016,0,-0.0162,-0.0778,0.9968,0,-0.0021,-0.997,-0.0778,0,0,0.0322,0.3878,1]},
{"frame":88,"values":[0.9998,-0.0039,0.0171,0,-0.0173,-0.0772,0.9969,0,-0.0026,-0.997,-0.0773,0,0,0.0322,0.3878,1]},
{"frame":89,"values":[0.9998,-0.0052,0.0181,0,-0.0185,-0.0764,0.9969,0,-0.0038,-0.9971,-0.0765,0,0,0.0322,0.3878,1]},
